# not a code
x <- 2*2*3^4/5
y <- 5/2
z <- 6 % 4
y <- x+y-z
r <- 3^3^5
x2 <- 2.5*2.5*3.5^4/5.5
y2 <- 5.5/2
z2 <- 6.5 % 4
y2 <- x+y-z
r2 <- 3^3^5
